Time    in      out     change  state
0ns     00      0       00
20ns    01      0       00
30ns    00      0       01
35ns    00      0       00
40ns    10      0       00
45ns    10      1       01
50ns    00      0       10
55ns    00      0       00
60ns    10      0       00
65ns    10      1       01
70ns    00      0       10
75ns    00      0       00
80ns    01      0       00
90ns    00      0       01
95ns    00      0       00
100ns   10      0       00
105ns   10      1       01
115ns   10      0       00
120ns   00      0       00
130ns   01      0       00
145ns   01      1       00
150ns   00      0       10
155ns   00      0       00